x=[1,2,5,10,20,30];
y=[56.5,78.6,113,144.5,181,205];
xi=[7];
%plot(x,y,'r:*')
